samples:46
hr:0.002034188
od:0.0020445662
ga:0.0020497532
iv:0.002059303
if:0.0020919295
ei:0.002092332
lu:0.0021412517
ki:0.002154553
ci:0.0021639003
ia:0.0021705122
ug:0.0021902716
up:0.0021902716
ba:0.0022291413
na:0.002251262
wn:0.002256857
rd:0.002274514
ye:0.002284
cl:0.0023302732
bl:0.0023341328
ry:0.0023495613
br:0.002355376
ag:0.002374003
ab:0.0023779876
ru:0.0023782097
dr:0.0023910634
pi:0.0023910634
ec:0.0024033405
rn:0.0024242767
ev:0.0024405562
tl:0.0024429953
vi:0.0024785863
ls:0.0024981268
op:0.0025056668
fa:0.0025099462
fl:0.002533815
rm:0.0025375856
su:0.0025485088
cr:0.0025613813
ff:0.0025695043
fr:0.0026332734
av:0.0026453848
tt:0.002659439
ht:0.0026979481
sp:0.0027479387
ok:0.002770602
mi:0.0027889616
wo:0.0028120393
bu:0.002832834
fe:0.002851666
ck:0.0028798487
ap:0.0029263778
ds:0.0029263778
bo:0.0029370782
ni:0.0029854148
da:0.0029977509
rt:0.003045901
pa:0.003051469
sa:0.0031015507
nc:0.003103604
ig:0.003107292
sb:0.0031356465
ct:0.0031378954
pr:0.0031433543
go:0.0031588667
tu:0.0031759723
fi:0.0032109797
do:0.0032843684
ts:0.0033684599
my:0.0033975027
am:0.0034114586
im:0.003507309
mo:0.0035289912
po:0.0036080189
ge:0.0036160306
ey:0.0036192215
um:0.0036401288
ol:0.0036895662
pl:0.003726206
di:0.003748699
ac:0.0037718802
gh:0.003783725
ld:0.0037877352
ke:0.0038020536
em:0.0038223076
id:0.0038384988
ns:0.0038718143
ay:0.0039088326
ie:0.0039270646
ly:0.0039448394
ul:0.0039775623
os:0.004072689
so:0.0040988913
ta:0.0041081975
si:0.0043271263
ca:0.004331333
ir:0.0043416168
pe:0.0043554204
ss:0.004451616
ic:0.0045208777
ai:0.004652979
tr:0.004661943
un:0.0046766475
us:0.004720617
ch:0.0048460173
we:0.004871988
ce:0.004899912
la:0.0049159247
ee:0.0049378974
ot:0.0049679
ma:0.0049892603
oo:0.0050110766
wh:0.0050890045
yo:0.0050927484
rs:0.0051489887
io:0.005179482
fo:0.005189017
wi:0.005208464
om:0.005228293
ad:0.0052931164
no:0.0054504983
ur:0.0054795234
lo:0.0054898257
ra:0.005490897
el:0.005494697
ow:0.005514724
ut:0.0055837543
et:0.0056364755
sh:0.0057319268
wa:0.005751421
il:0.005957547
co:0.0060727964
be:0.006563155
de:0.006660961
ri:0.0067534284
li:0.006761626
ho:0.0067634163
ti:0.0070788725
ne:0.007145703
ro:0.0072057713
se:0.007810182
nt:0.008002721
ve:0.008018319
ea:0.0080622565
al:0.008100788
ll:0.008339212
hi:0.008642079
me:0.008824982
of:0.00945518
te:0.009550074
le:0.009608186
as:0.009654934
is:0.009730202
or:0.010008854
ar:0.010039329
st:0.010588546
it:0.010594316
es:0.0108052995
ng:0.011447361
to:0.011531214
ha:0.012131488
ed:0.0122440085
at:0.012341487
en:0.012393359
on:0.012625519
ou:0.0140331155
nd:0.014681469
re:0.016175255
an:0.019912058
in:0.022144418
er:0.022296375
he:0.038191613
th:0.04093933
