samples:5
bl:0.0018839746
da:0.0018839746
av:0.0019417476
ct:0.0019417476
go:0.0019467942
ht:0.0019529008
sa:0.0019608443
bu:0.0019630855
pa:0.0019734998
mi:0.001975876
tt:0.001975876
rt:0.001998474
tu:0.0020217823
nc:0.0020357901
pr:0.0020439425
im:0.0021555366
do:0.0021592684
 u:0.0021784347
ni:0.0021826536
ig:0.0021926141
ge:0.0021994405
mo:0.002218823
bo:0.0022286042
ts:0.002230083
ld:0.0022648799
fi:0.002285935
am:0.002302946
ey:0.0023242615
em:0.0023303658
um:0.0023434807
ol:0.002357738
ac:0.0023577868
gh:0.0023760907
ke:0.0023822344
ly:0.0024513442
ie:0.0024893107
di:0.002490364
ns:0.0025029713
u :0.0025225864
ay:0.0025433558
ta:0.002559211
so:0.0025635608
ul:0.0025860246
my:0.0026103347
id:0.0026369612
k :0.0027079363
ca:0.0027147408
ir:0.002731741
pe:0.0027363414
w :0.0027714162
ss:0.0027822761
si:0.0028706985
ai:0.002910482
 y:0.0029135395
un:0.0029155025
ic:0.0029699062
us:0.0029702126
po:0.0029730788
tr:0.0029981057
ch:0.0030311854
ee:0.003066079
ot:0.0030740635
ce:0.0030919483
la:0.0030979454
ma:0.0031338867
wh:0.0031627056
rs:0.00317335
i :0.003191437
we:0.0032030959
fo:0.0032435872
io:0.0032465346
ad:0.0032523486
om:0.0032608323
wi:0.003284473
pl:0.00332871
m :0.0033287317
 e:0.0033703907
no:0.0033770646
el:0.0034086928
lo:0.0034267385
ow:0.0034354397
oo:0.0034511287
et:0.003461105
ra:0.0034745769
ut:0.0034865595
sh:0.003530667
wa:0.0035562043
yo:0.0036499475
il:0.0037318103
 r:0.003732412
co:0.0037751987
 g:0.0038145266
 n:0.0038753361
os:0.003940396
ur:0.0039708456
be:0.0040253326
de:0.004197456
ho:0.004202885
li:0.004213141
ri:0.004279696
ti:0.0044450955
ne:0.0044612847
ro:0.0044844626
se:0.0048905546
nt:0.005011963
ea:0.0050207824
ve:0.0050215255
al:0.005066273
a :0.0050993515
l :0.0051761856
ll:0.005231115
 l:0.0053967126
hi:0.0054137954
me:0.005550302
h :0.0055615567
 d:0.005760955
g :0.005967524
of:0.0059860786
te:0.005986466
as:0.005994526
le:0.00602979
is:0.006104647
or:0.0062475065
 p:0.006248356
ar:0.006321408
f :0.0064783255
st:0.006576984
it:0.0066335597
es:0.006790419
ng:0.007137835
to:0.0071810074
ha:0.0075198053
ed:0.007671694
at:0.007701925
en:0.00775488
 f:0.0078868875
on:0.007919766
 m:0.007929473
 c:0.0081710145
o :0.0083270315
ou:0.008771518
 b:0.008775082
nd:0.009171026
re:0.010164131
 i:0.010892572
y :0.01096228
 o:0.011407512
r :0.011435973
 h:0.011442614
 w:0.012199948
an:0.012496411
er:0.013853982
in:0.0138806
 s:0.013967278
n :0.01412038
t :0.017548839
 a:0.01994541
d :0.020157471
s :0.022129653
he:0.023706738
th:0.025505817
 t:0.029766336
e :0.035649657
