samples:46
un:0.0020141075
ud:0.0020165883
ga:0.0020425615
ob:0.0020520908
ki:0.002061142
ka:0.0020921326
ov:0.0020921326
ep:0.0020922355
kt:0.0020929074
jo:0.002108895
hu:0.0021176634
os:0.0021230967
br:0.0021443984
bi:0.0021458573
ta:0.0021603177
ok:0.0021680503
gr:0.0021752112
ba:0.002187004
pa:0.0022056156
eu:0.00229206
vr:0.0023047097
za:0.002312871
ru:0.0023143424
oc:0.002319759
eb:0.0023446234
nk:0.0023535213
dd:0.0023765324
ls:0.0023807043
ak:0.0023823075
sp:0.0023946164
tr:0.0024099282
nn:0.0024480901
um:0.0025246586
rt:0.002532706
ag:0.0025630812
wo:0.0025747495
ts:0.002597211
rn:0.0026119645
bu:0.002685638
mo:0.0027297877
co:0.0027406074
no:0.0027582797
mb:0.002783798
of:0.0027899356
bo:0.0028730363
ez:0.0029004728
il:0.0029251482
lo:0.0029397898
ot:0.0029650198
ic:0.003049411
ef:0.003066006
am:0.0031025142
og:0.0031331165
ko:0.0031405299
ac:0.0031564883
pe:0.0031620858
ur:0.0031660174
ti:0.0031843407
lu:0.003376679
ld:0.003398101
uw:0.0033992212
rs:0.0034319633
jk:0.0034840158
do:0.0035391343
nt:0.003546696
us:0.0035494415
ll:0.0035573721
id:0.0036395458
ev:0.0037265816
gi:0.00395478
em:0.0040890216
ek:0.0041301684
ra:0.0041380497
na:0.00415117
ad:0.0041548177
wi:0.004179576
ou:0.0042408514
ho:0.004385471
as:0.0044449945
ri:0.0044593383
zo:0.00447528
ol:0.0044868486
it:0.0045194994
ig:0.0045442493
ns:0.004552084
is:0.0047001415
eg:0.004779433
om:0.0048192106
mi:0.004847406
to:0.0050143586
jn:0.005033779
ui:0.0051319753
ne:0.005239918
es:0.0053087003
ed:0.0053333924
op:0.005349542
ht:0.005361556
la:0.005402299
je:0.005441908
vo:0.0055214996
ma:0.0055645285
ha:0.0055972734
sc:0.0056820656
ro:0.0058048023
ni:0.0059382534
ei:0.005990407
rd:0.0062978384
ze:0.006551394
ke:0.0068542496
di:0.007144551
hi:0.007399615
be:0.007448523
va:0.0076674516
ng:0.0077463626
ik:0.0077613574
li:0.007772312
le:0.007852226
al:0.00792664
we:0.008136925
zi:0.00884628
re:0.009128161
or:0.009130399
at:0.009174508
da:0.009235759
wa:0.009371368
me:0.009587992
oe:0.009642582
on:0.010241309
ve:0.010280897
st:0.011284577
ar:0.011904828
nd:0.012000328
in:0.01298628
ch:0.013770705
el:0.013929441
oo:0.01555264
ie:0.016503308
he:0.01729792
et:0.017414184
aa:0.018245384
te:0.018705733
ge:0.019183686
ee:0.020786252
an:0.021892639
ij:0.02212906
er:0.029243497
de:0.034992095
en:0.064677484
