samples:11
od:0.0020445662
hr:0.0020480754
ga:0.002057928
iv:0.0020732137
if:0.0020919295
ei:0.0021002097
ug:0.0021365515
ki:0.0021545533
lu:0.0021558695
ci:0.0021638998
ia:0.0021705127
up:0.002190273
ba:0.0022216623
na:0.0022640259
rd:0.0022745149
ye:0.002299594
wn:0.0023128835
ry:0.0023274666
cl:0.002334641
ag:0.0023705652
br:0.0023714562
pi:0.0023714562
ab:0.0023779885
ru:0.0023868678
bl:0.0023881288
dr:0.0024073871
rn:0.0024242757
tt:0.0024351121
ec:0.0024367226
ev:0.0024411024
tl:0.0024429967
av:0.0024441795
vi:0.002452448
op:0.0025056656
ls:0.0025151803
fa:0.0025165605
cr:0.0025194122
rm:0.0025375856
su:0.0025510036
fl:0.002551112
wo:0.0025528313
ff:0.0025695043
ht:0.002580026
fr:0.0026197499
bo:0.0026597755
bu:0.0026644205
mi:0.002684709
fe:0.0027194063
sp:0.002730768
ck:0.0027601228
ok:0.002770601
ni:0.0027971163
rt:0.002807116
ig:0.0028334747
pr:0.0028897205
fi:0.0029025143
ap:0.0029104238
nc:0.0029440573
ds:0.0029463547
pa:0.0029871287
ts:0.002990702
da:0.0030182174
do:0.0030192672
sa:0.003052088
pl:0.003110701
po:0.0031244496
sb:0.0031356474
ct:0.0031378942
go:0.0031665869
am:0.003171277
my:0.0031759369
tu:0.0031759704
id:0.0031902827
os:0.003201644
im:0.0032622097
em:0.0033758513
ol:0.003418363
ay:0.0034302955
gh:0.0034791827
ge:0.0034934974
ey:0.0035031254
mo:0.0035184487
ul:0.0036128024
ke:0.003618897
um:0.0036649778
ld:0.0036899836
di:0.0037034266
ac:0.0038075217
ns:0.0038175078
ie:0.00394027
ly:0.00404039
yo:0.004052508
ss:0.004078952
ta:0.0040842276
so:0.004129637
tr:0.0042424216
si:0.0042468687
ca:0.0043262714
ir:0.004328027
pe:0.004362784
ai:0.0044191796
oo:0.0044623013
we:0.004485758
us:0.0046576746
ic:0.0047184783
un:0.0047198813
ce:0.0048139724
la:0.0048161983
ch:0.004848424
ma:0.0049408134
ee:0.0049799574
ot:0.0050166068
rs:0.0051184515
wh:0.0051310603
io:0.005150499
fo:0.005158824
wi:0.0051651406
om:0.005242233
ur:0.005316469
ra:0.005336398
ad:0.005464352
el:0.005527795
no:0.0055282265
lo:0.0055341274
ow:0.0056042937
ut:0.005638433
et:0.0057617724
il:0.005902025
sh:0.0059677553
wa:0.0059711295
co:0.0061162324
de:0.0064926343
ri:0.006535427
li:0.0067950264
be:0.0068433094
ho:0.0068836403
ti:0.0070156674
ne:0.007164911
ro:0.007266137
se:0.007812144
nt:0.0078824945
ve:0.0080076875
al:0.008076739
ea:0.008083739
ll:0.008321742
hi:0.008603313
me:0.008768303
of:0.009269107
te:0.009466482
le:0.009564266
is:0.009612779
as:0.009855485
ar:0.009998067
or:0.010014905
es:0.010528232
it:0.010555627
st:0.010743922
ng:0.011665168
to:0.01169414
ed:0.012177897
en:0.012306265
ha:0.012403348
at:0.012454457
on:0.012570246
ou:0.014089572
nd:0.01482733
re:0.016047442
an:0.019923313
in:0.022168694
er:0.0226715
he:0.039176714
th:0.041618243
