samples:31
hr:0.0020341887
od:0.0020445662
ga:0.002049754
iv:0.002059303
if:0.0020919295
ei:0.002092332
lu:0.0021412517
ki:0.0021545535
ci:0.0021638996
ia:0.002170513
ug:0.0021902726
up:0.0021902726
ba:0.002229142
na:0.002251263
wn:0.0022568577
rd:0.0022745142
ye:0.0022840009
cl:0.0023302732
bl:0.0023341328
ry:0.0023495608
br:0.0023553763
ag:0.0023740036
ab:0.0023779878
ru:0.0023782095
dr:0.0023910636
pi:0.0023910636
ec:0.0024033403
rn:0.0024242767
ev:0.0024405562
tl:0.002442996
vi:0.002478587
ls:0.0024981268
op:0.0025056666
fa:0.0025099467
fl:0.0025338149
rm:0.0025375856
su:0.0025485088
cr:0.0025613806
ff:0.0025695043
av:0.0026060813
tt:0.0026229145
fr:0.0026332734
ht:0.002670436
sp:0.0027479385
mi:0.002765986
ok:0.0027706022
wo:0.00278151
bu:0.0028057368
fe:0.0028377753
ck:0.0028682058
bo:0.0028911296
ap:0.0029263773
ds:0.0029263773
ni:0.0029522108
da:0.0029977509
rt:0.0030194027
pa:0.0030443573
ig:0.0030668995
nc:0.0030866629
sa:0.0030934338
pr:0.0031138575
sb:0.003135646
ct:0.0031378942
go:0.0031607365
tu:0.0031759718
fi:0.0031789367
do:0.003232936
ts:0.0032981338
my:0.0033612938
am:0.0033809368
im:0.0034725906
po:0.0035125343
mo:0.0035266737
pl:0.003593372
ge:0.0036042978
ey:0.0036124794
um:0.0036401283
ol:0.0036529044
di:0.0037412012
gh:0.0037478062
em:0.0037615518
id:0.003764044
ac:0.0037766132
ld:0.0037855282
ke:0.003785757
ay:0.00386344
ns:0.0038817779
os:0.003889537
ie:0.0039296504
ul:0.003943906
ly:0.0039587836
so:0.004102723
ta:0.0041066967
si:0.0043151197
ca:0.0043307557
ir:0.0043385127
pe:0.004355489
ss:0.004404387
ic:0.0045599667
tr:0.0046095513
ai:0.004635207
un:0.004684334
us:0.0047112238
we:0.004839069
ch:0.004846448
ce:0.0048859743
yo:0.0048860335
la:0.004899601
ee:0.00494529
ot:0.004977688
oo:0.0049779713
ma:0.0049811043
wh:0.0050945715
rs:0.005146361
io:0.005173408
fo:0.005185658
wi:0.0052004675
om:0.00523045
ad:0.005318531
ur:0.0054546227
no:0.005463551
ra:0.005467989
lo:0.005496216
el:0.00549872
ow:0.0055272873
ut:0.005591247
et:0.00565558
sh:0.0057677194
wa:0.005784085
il:0.005947736
co:0.00608238
be:0.006607924
de:0.0066372454
ri:0.0067207683
li:0.006768833
ho:0.006781776
ti:0.0070689796
ne:0.007150189
ro:0.0072164563
se:0.0078103407
nt:0.007983097
ve:0.008017248
ea:0.008064738
al:0.008099435
ll:0.008334892
hi:0.008636014
me:0.00881493
of:0.009425071
te:0.009540485
le:0.009600487
as:0.00968407
is:0.009713742
or:0.010013052
ar:0.010030713
it:0.010590406
st:0.010611269
es:0.010765404
ng:0.011479167
to:0.0115544675
ha:0.012173146
ed:0.01223544
at:0.012357639
en:0.012382988
on:0.01261698
ou:0.014041445
nd:0.014702753
re:0.016155723
an:0.019911114
in:0.022147559
er:0.02235394
he:0.03833913
th:0.04103859
