samples:5
da:0.0019428704
av:0.001951101
ct:0.001951101
ht:0.0019659998
bu:0.0019725417
mi:0.0019891292
tt:0.0019891292
sa:0.0020083424
pa:0.0020122586
rt:0.0020368637
nc:0.002072598
pr:0.0021512138
im:0.002166242
do:0.0021678074
ni:0.0021972938
bo:0.0022435526
 u:0.0022479212
mo:0.0022521056
ld:0.0022834563
ig:0.0022898114
fi:0.002293087
ts:0.0022987365
ey:0.002339345
um:0.0023591998
ol:0.0023662392
ac:0.0023676937
gh:0.002384949
ke:0.0023954096
am:0.0023965037
ly:0.0024597505
em:0.0024740486
ie:0.0024986628
di:0.0025047879
ns:0.0025286223
u :0.0025323215
ge:0.002540968
ay:0.0025541692
so:0.002576425
ta:0.002576975
ul:0.0025968147
my:0.0026229087
id:0.0026435754
k :0.0027156398
ca:0.002725465
ir:0.0027425217
w :0.0027785026
ss:0.0028085727
si:0.0028928989
ai:0.0029206362
 y:0.002923044
un:0.0029261883
pe:0.002957612
us:0.0029813151
po:0.0029874
tr:0.0030091084
ch:0.0030469473
ot:0.0030870344
ee:0.003089929
ce:0.0031034355
la:0.0031250142
ma:0.003148719
wh:0.0031958248
i :0.0032054414
we:0.003212383
rs:0.0032129146
ic:0.0032545454
fo:0.003256069
io:0.00325673
ad:0.003283313
om:0.0032845445
wi:0.0032992077
m :0.0033485326
pl:0.0033518914
 e:0.0033829324
no:0.0033944105
el:0.003439169
ow:0.0034492929
oo:0.0034718357
ut:0.0034989428
et:0.0035082623
sh:0.003550365
wa:0.0035700132
yo:0.0036670298
 r:0.0037453708
il:0.0037461738
co:0.0037890666
lo:0.0037967179
 g:0.0038279023
ra:0.003841746
 n:0.0038898427
os:0.0039593773
ur:0.003985887
be:0.0040397136
de:0.004213322
ho:0.004218883
li:0.0042302334
ri:0.004301464
ti:0.0044723777
ne:0.004482388
ro:0.004513236
se:0.004907827
ve:0.005040086
nt:0.00505619
ea:0.0050736004
al:0.0050898097
a :0.00511838
l :0.005202168
ll:0.005254253
 l:0.0054162284
hi:0.0054321657
me:0.0055697598
h :0.0055874893
 d:0.0057818918
g :0.0059929034
te:0.0060084714
of:0.0060088313
as:0.0060202824
le:0.0060620597
is:0.006129305
or:0.006270525
 p:0.0062735947
ar:0.006346217
f :0.0065039597
st:0.0066259652
it:0.00665862
es:0.0068471865
ng:0.00716355
to:0.0072116195
ha:0.007552964
ed:0.0077163847
at:0.00773883
en:0.007797514
 f:0.007917409
on:0.007953959
 m:0.007960089
 c:0.0082019195
o :0.008357143
ou:0.008802707
 b:0.008807793
nd:0.009211216
re:0.010209089
 i:0.010935287
y :0.011021385
 o:0.011448905
 h:0.011482314
r :0.011511889
 w:0.01224426
an:0.012541627
er:0.01392446
in:0.013932848
 s:0.014019271
n :0.014184298
t :0.017626613
 a:0.02002081
d :0.020239105
s :0.022282302
he:0.023793206
th:0.02560485
 t:0.029876059
e :0.035827182
