samples:41
hr:0.002034188
od:0.0020445662
ga:0.0020497534
iv:0.002059303
if:0.0020919295
ei:0.002092332
lu:0.0021412517
ki:0.002154553
ci:0.0021639
ia:0.0021705125
ug:0.0021902716
up:0.0021902716
ba:0.0022291413
na:0.002251262
wn:0.0022568572
rd:0.002274514
ye:0.002284
cl:0.0023302732
bl:0.0023341328
ry:0.0023495613
br:0.002355376
ag:0.002374003
ab:0.0023779876
ru:0.0023782097
dr:0.0023910634
pi:0.0023910634
ec:0.0024033405
rn:0.0024242767
ev:0.0024405562
tl:0.0024429953
vi:0.0024785865
ls:0.0024981268
op:0.0025056668
fa:0.0025099462
fl:0.002533815
rm:0.0025375856
su:0.0025485088
cr:0.002561381
ff:0.0025695043
fr:0.0026332734
av:0.0026341914
tt:0.0026490816
ht:0.0026901467
sp:0.0027479385
ok:0.0027706022
mi:0.0027824459
wo:0.0028034614
bu:0.0028251167
fe:0.0028477444
ck:0.0028765777
bo:0.0029240479
ap:0.0029263778
ds:0.0029263778
ni:0.0029759987
da:0.0029977504
rt:0.003038594
pa:0.0030495143
ig:0.0030961237
nc:0.0030990432
sa:0.0030993002
pr:0.003135216
sb:0.003135646
ct:0.0031378944
go:0.0031593903
tu:0.003175972
fi:0.0032019336
do:0.003270089
ts:0.0033489792
my:0.0033874772
am:0.0034035023
im:0.0034979626
mo:0.003528407
po:0.0035808254
ge:0.0036130163
ey:0.0036174513
um:0.0036401288
ol:0.0036797076
pl:0.0036883755
di:0.0037468094
ac:0.003773073
gh:0.0037740811
ld:0.003787246
ke:0.003797808
em:0.0038059135
id:0.0038180058
ns:0.0038744812
ay:0.0038967195
ie:0.0039277384
ly:0.003948354
ul:0.003968611
os:0.004020528
so:0.004099857
ta:0.0041078194
si:0.0043241004
ca:0.0043311873
ir:0.004340835
pe:0.0043554376
ss:0.004438976
ic:0.004531068
tr:0.0046482855
ai:0.0046482924
un:0.0046785846
us:0.0047182497
ch:0.004846126
we:0.004863573
ce:0.0048963996
la:0.0049118106
ee:0.0049397605
ot:0.004970367
ma:0.0049872044
oo:0.005002404
yo:0.0050353566
wh:0.005090407
rs:0.0051483265
io:0.0051778383
fo:0.00518817
wi:0.0052064485
om:0.0052288366
ad:0.005299521
no:0.0054537877
ur:0.0054732477
ra:0.0054851235
lo:0.0054914365
el:0.0054957108
ow:0.0055178907
ut:0.005585643
et:0.0056412905
sh:0.005740948
wa:0.0057596527
il:0.0059550744
co:0.0060752123
be:0.006574438
de:0.0066549843
ri:0.0067451973
li:0.0067634424
ho:0.0067680436
ti:0.007076379
ne:0.007146833
ro:0.007208464
se:0.007810222
nt:0.0079977745
ve:0.0080180485
ea:0.008062881
al:0.008100448
ll:0.0083381245
hi:0.008640551
me:0.008822448
of:0.009447591
te:0.009547658
le:0.009606246
as:0.009662276
is:0.009726053
or:0.010009913
ar:0.010037156
it:0.010593331
st:0.010594273
es:0.010795244
ng:0.011455378
to:0.011537074
ha:0.012141988
ed:0.012241849
at:0.012345558
en:0.012390746
on:0.012623367
ou:0.014035214
nd:0.014686833
re:0.016170332
an:0.019911818
in:0.02214521
er:0.022310883
he:0.038228795
th:0.040964346
