samples:41
un:0.0020141075
ud:0.0020165883
ga:0.0020425615
ob:0.0020520908
ki:0.0020611417
ka:0.0020921333
ov:0.0020921333
ep:0.0020922355
kt:0.0020929074
jo:0.002108895
hu:0.0021176634
os:0.0021230967
br:0.0021443984
bi:0.0021458573
ta:0.0021603177
ok:0.00216805
gr:0.0021752112
ba:0.002187004
pa:0.0022056156
eu:0.00229206
vr:0.0023047097
za:0.002312871
ru:0.0023143422
oc:0.002319759
eb:0.0023446234
nk:0.0023535213
dd:0.0023765324
ls:0.0023807043
ak:0.0023823075
sp:0.0023946164
tr:0.0024099282
nn:0.0024480901
um:0.0025246586
rt:0.002532706
ag:0.0025630812
wo:0.0025747495
ts:0.0025872102
rn:0.0026119645
bu:0.0026856381
mo:0.0027190426
co:0.0027406071
no:0.0027504105
of:0.0027788414
mb:0.002783798
bo:0.0028643492
ez:0.0028914493
il:0.0029251485
lo:0.0029359292
ot:0.002958044
ic:0.0030370764
ef:0.0030625819
am:0.0030902054
og:0.0031304527
ko:0.0031318432
ac:0.0031410253
ur:0.003154441
pe:0.0031548538
ti:0.0031802477
uw:0.0033720555
lu:0.003376679
ld:0.0033946945
rs:0.0034300387
jk:0.003482483
nt:0.0035384577
do:0.0035388854
us:0.0035494412
ll:0.0035535907
id:0.0036333597
ev:0.0037240102
gi:0.0039547794
em:0.0040886556
ek:0.004129414
ra:0.004137508
ad:0.004150088
na:0.004151999
wi:0.0041599483
ou:0.004224573
ho:0.004384024
as:0.004436845
ri:0.004462331
zo:0.0044694715
ol:0.0044768667
it:0.0045172432
ig:0.0045471927
ns:0.004549218
is:0.004696768
eg:0.0047768657
mi:0.0047984906
om:0.0048177387
to:0.0050136554
jn:0.0050311293
ui:0.0051289313
ne:0.005239539
es:0.005307295
ed:0.00533425
op:0.0053489623
ht:0.0053623165
la:0.0054062796
je:0.005442744
vo:0.0055221245
ma:0.00556226
ha:0.0055963523
sc:0.0056866277
ro:0.0058038826
ni:0.005935355
ei:0.0059920275
rd:0.0063015413
ze:0.0065506217
ke:0.0068533914
di:0.00714779
hi:0.0073794085
be:0.007449618
va:0.007674678
ik:0.0077431165
ng:0.007748832
li:0.00777087
le:0.007852314
al:0.007924035
we:0.008134612
zi:0.0088452045
re:0.009130994
or:0.009131437
at:0.009167841
da:0.009230065
wa:0.009371764
me:0.009587736
oe:0.009637924
on:0.010243476
ve:0.010285054
st:0.011284492
ar:0.011903754
nd:0.01200709
in:0.012989212
ch:0.013773278
el:0.013930528
oo:0.015553
ie:0.016492601
he:0.017295169
et:0.017404646
aa:0.018244023
te:0.018706381
ge:0.019186644
ee:0.02078276
an:0.021904036
ij:0.022121847
er:0.029241126
de:0.03500783
en:0.064691395
