samples:31
un:0.0020141075
ud:0.0020165876
ga:0.0020425615
ob:0.0020520908
ki:0.0020611412
ka:0.002092134
ov:0.002092134
ep:0.002092236
kt:0.0020929086
jo:0.0021088955
hu:0.0021176634
os:0.0021230972
br:0.0021443993
bi:0.0021458578
ta:0.0021603177
ok:0.0021680496
gr:0.0021752107
ba:0.0021870031
pa:0.0022056147
eu:0.0022920603
vr:0.0023047095
za:0.0023128719
ru:0.0023143417
oc:0.0023197585
eb:0.0023446234
nk:0.002353522
dd:0.002376532
ls:0.0023807036
ak:0.0023823073
sp:0.0023946164
tr:0.0024099285
nn:0.0024480904
um:0.0025246586
rt:0.002532706
ts:0.0025622344
ag:0.0025630812
wo:0.0025747495
rn:0.0026119645
bu:0.0026856386
mo:0.002691725
no:0.0027304052
co:0.0027406071
of:0.0027508133
mb:0.002783798
bo:0.0028422645
ez:0.0028686533
il:0.002925148
lo:0.0029261762
ot:0.002940191
ic:0.0030047647
ef:0.0030539306
am:0.0030580207
ac:0.003101714
ko:0.0031090502
og:0.0031236801
ur:0.0031255335
pe:0.0031356274
ti:0.0031690982
uw:0.0033034266
lu:0.0033766797
ld:0.0033852165
rs:0.0034245304
jk:0.0034779925
nt:0.003516095
do:0.0035381473
ll:0.003542865
us:0.0035494415
id:0.0036165097
ev:0.0037166749
gi:0.0039547784
em:0.0040875687
wi:0.004106669
ek:0.0041271755
ra:0.0041359
ad:0.0041365633
na:0.004154454
ou:0.004180097
ho:0.004379731
as:0.0044136876
ol:0.004451316
zo:0.0044530695
ri:0.004471213
it:0.004510547
ns:0.004540712
ig:0.0045559285
mi:0.004670096
is:0.0046867547
eg:0.004769246
om:0.0048133694
to:0.0050115683
jn:0.0050232643
ui:0.0051198993
ne:0.005238416
es:0.0053031244
ed:0.005336797
op:0.005347243
ht:0.0053645736
la:0.005418094
je:0.005444995
vo:0.00552398
ma:0.005555527
ha:0.005593619
sc:0.005700169
ro:0.0058011543
ni:0.005926753
ei:0.0059968373
rd:0.0063125314
ze:0.00654833
ke:0.0068508433
di:0.0071574016
hi:0.0073222173
be:0.0074528675
ik:0.0076913834
va:0.007696125
ng:0.00775616
li:0.0077665886
le:0.007852574
al:0.007916303
we:0.008127746
zi:0.008842013
or:0.009134521
re:0.009139399
at:0.009148051
da:0.009213161
wa:0.00937294
me:0.009586977
oe:0.009624097
on:0.010249906
ve:0.010297389
st:0.011284238
ar:0.011900565
nd:0.012027164
in:0.012997912
ch:0.013780914
el:0.013933758
oo:0.01555407
ie:0.01646083
he:0.017287007
et:0.017376347
aa:0.018239982
te:0.018708304
ge:0.019195423
ee:0.020772405
an:0.021937866
ij:0.022100437
er:0.029234083
de:0.03505454
en:0.06473264
