samples:5
ak:0.0016982825
nn:0.0017068272
a :0.0017645048
ts:0.0017895851
ag:0.0018478169
wo:0.0018592598
za:0.0019000504
lo:0.0019060286
i :0.0019145127
il:0.0019238666
ti:0.001948668
no:0.0019566831
mo:0.0019647786
ez:0.0019827175
og:0.0020174705
ot:0.00202415
bo:0.0020511437
ef:0.0020520545
am:0.0020738144
ko:0.0020938776
of:0.0021004195
nt:0.0021360018
pe:0.002136448
ll:0.0021647909
ic:0.0021689958
 p:0.0021725646
rs:0.0022114501
ac:0.002213042
lu:0.002218257
u :0.002236204
ld:0.002243162
 c:0.0022492453
do:0.0022581115
 r:0.002271338
ur:0.002292995
jk:0.0023038958
us:0.0023344636
id:0.002346469
ev:0.002425328
ou:0.0024585903
h :0.0024860606
gi:0.002521885
em:0.0025994063
ek:0.0026331837
na:0.0026354343
ra:0.0026393686
ad:0.0026976753
zo:0.0026984687
f :0.0027427424
ho:0.0027983452
ri:0.002835509
it:0.0028782473
as:0.0028805782
ig:0.0028877137
ns:0.002903763
uw:0.0029157137
wi:0.0029940992
is:0.0030126243
eg:0.0030530025
om:0.0030778847
to:0.003189172
ol:0.0032202166
jn:0.003223403
ui:0.0032678829
p :0.0032934055
ne:0.0033446248
ed:0.0033878013
es:0.0033910885
op:0.003410101
ht:0.0034222715
la:0.0034317542
je:0.0034501292
vo:0.003519039
ma:0.003555774
ha:0.003576398
sc:0.0036120713
ro:0.003704942
 u:0.003752613
ni:0.0037919623
m :0.0038031128
ei:0.0038103838
 l:0.0039606397
rd:0.003993745
ze:0.004178898
 j:0.0041872794
ke:0.0043722335
di:0.004539918
mi:0.0046616606
ik:0.0046646437
l :0.004668582
be:0.0047508753
hi:0.0047769444
va:0.0048618875
ng:0.004926494
li:0.004952698
 k:0.004968401
le:0.005010183
al:0.0050676735
we:0.0051851748
zi:0.005663821
 s:0.0056935186
re:0.0058132512
or:0.005818521
at:0.005873315
da:0.0058998642
wa:0.0059771203
j :0.00605817
me:0.006115501
oe:0.0061599477
g :0.0063108294
on:0.0065241465
ve:0.0065533915
 n:0.006738813
 a:0.007076663
st:0.0071943803
k :0.0075803353
ar:0.0075969724
nd:0.00762383
 b:0.0079630185
 t:0.008086897
in:0.008273584
 i:0.008698417
 g:0.00870717
ch:0.008788757
el:0.008883079
d :0.009142955
 o:0.009325538
 m:0.0096638985
oo:0.009921316
ie:0.010551488
s :0.010932973
 w:0.010938416
he:0.011043044
et:0.011130834
 z:0.011178853
aa:0.01164039
te:0.011928124
ge:0.012229122
 v:0.012461655
 e:0.013186981
ee:0.013259737
an:0.013922458
r :0.014088221
ij:0.014156568
 h:0.016864067
er:0.018671136
 d:0.021648303
de:0.022280848
t :0.023075793
e :0.026982924
en:0.04122418
n :0.0504575
