samples:5
ag:0.0018533167
mo:0.0019664124
lo:0.001994446
bo:0.0020529537
ef:0.0020567724
og:0.0020574557
ti:0.00205801
am:0.0020764596
ko:0.0020965065
ez:0.0021052486
of:0.0021052486
ot:0.0021360624
pe:0.0021376098
ic:0.0021731635
rs:0.0022159936
lu:0.0022187151
ld:0.0022466192
 c:0.00224971
do:0.0022649795
ll:0.0022895406
ur:0.0022993027
jk:0.0023066173
us:0.0023349458
id:0.0023486877
u :0.0023542247
ac:0.0024131208
 r:0.002416496
nt:0.0024577905
h :0.0024880965
gi:0.0025346086
ev:0.0025561184
ou:0.002599264
em:0.002612664
ek:0.00264141
ra:0.0026451112
na:0.0026451927
ad:0.0027007128
f :0.0027490447
ho:0.0028027217
ri:0.0028410847
zo:0.0028710566
it:0.0028824797
as:0.0028834497
ig:0.0028914139
ns:0.002911505
uw:0.0029224174
 p:0.0029841175
wi:0.0030001313
is:0.0030170446
eg:0.0030578915
om:0.0030835452
to:0.003196969
ol:0.0032208823
jn:0.0032280653
ui:0.0032724566
ne:0.003357372
ed:0.0033956892
es:0.0033968997
op:0.0034146104
ht:0.0034269888
la:0.0034380998
je:0.003454829
vo:0.0035237104
ma:0.0035612502
ha:0.0035807614
sc:0.0036179475
p :0.0036315925
ro:0.0037121524
ni:0.003803961
m :0.0038095159
ei:0.0038175534
 l:0.00396675
rd:0.0040050796
ze:0.004185242
 j:0.0041960115
ke:0.004382887
 u:0.0044390275
di:0.0045506745
ik:0.004674441
l :0.0046760174
mi:0.004678112
be:0.0047577824
hi:0.0047823405
va:0.004867902
ng:0.004941623
li:0.004963176
 k:0.0049753073
le:0.0050191307
al:0.0050748126
we:0.0051931986
zi:0.0056711035
 s:0.005701478
re:0.005822479
or:0.0058266805
at:0.0058821924
da:0.0059142527
wa:0.0059854304
j :0.006066753
me:0.0061247763
oe:0.006170021
g :0.0063211084
on:0.0065328083
ve:0.0065620155
 n:0.0067483587
 a:0.00708621
st:0.007204842
k :0.007593988
ar:0.007607409
nd:0.007648078
 b:0.007973879
 t:0.0080984775
in:0.008285465
 i:0.008713117
 g:0.008719217
ch:0.008800175
el:0.008898116
d :0.009157941
 o:0.009338727
 m:0.00967785
oo:0.0099345995
ie:0.010567497
 w:0.010953598
s :0.0109541975
he:0.011058772
et:0.011149341
 z:0.011194111
aa:0.011657724
te:0.011947649
ge:0.012245899
 v:0.012477892
 e:0.013204493
ee:0.013279108
an:0.013940709
r :0.014111897
ij:0.014176142
 h:0.016886372
er:0.018696208
 d:0.021677386
de:0.022312196
t :0.023117986
e :0.027023321
en:0.041279696
n :0.05053574
