samples:11
un:0.0020152242
ud:0.0020168445
ga:0.0020403587
ob:0.0020523525
ki:0.0020611414
ka:0.0020921342
ov:0.0020921342
ep:0.0020922364
kt:0.0020982919
jo:0.0021091655
os:0.0021233687
hu:0.002125729
bi:0.002144543
br:0.0021446736
ok:0.0021668894
ta:0.0021703085
gr:0.0021755265
ba:0.002187282
pa:0.0022183645
eu:0.0022757591
ru:0.002314342
vr:0.0023166838
oc:0.0023197585
eb:0.0023507422
nk:0.0023599209
za:0.002362117
dd:0.002376532
tr:0.002386954
sp:0.0023917353
ls:0.0024115376
ak:0.0024228564
ts:0.0024452435
nn:0.0024549423
um:0.0025250243
rt:0.00253136
mo:0.0025348088
ag:0.0025437037
no:0.0025802923
of:0.0025881345
wo:0.0025958414
rn:0.0026119633
bu:0.002686029
ez:0.0026872738
bo:0.0027054874
co:0.002741007
ot:0.0027437806
ic:0.002757338
mb:0.002784202
am:0.0028021855
ac:0.00283305
lo:0.0028576672
uw:0.0028950165
ko:0.0028964987
pe:0.00291853
il:0.0029255727
ef:0.0029283664
ur:0.002952315
og:0.003027746
ti:0.0030785084
ld:0.0032187542
nt:0.0033275657
rs:0.0033341898
jk:0.0033644894
lu:0.0033732443
ll:0.003409677
id:0.0034477988
do:0.0035358516
us:0.003549956
ev:0.0036001606
wi:0.0036730475
mi:0.0036921718
ou:0.0037824956
ad:0.0039052002
gi:0.0039620684
em:0.0040801964
as:0.0040865643
ol:0.004108925
ek:0.0041105156
ra:0.0041256715
na:0.0041714814
zo:0.0042392737
ho:0.0043442715
it:0.00444572
ns:0.0044705435
ri:0.004541513
is:0.0046145776
ig:0.0046178726
eg:0.004711971
om:0.0047832946
jn:0.004966198
to:0.0049911756
ui:0.0050318358
ne:0.0052381535
es:0.0052710664
op:0.0053335726
ed:0.0053392644
ht:0.005386501
je:0.0054570404
la:0.005509108
ma:0.005509615
vo:0.005533368
ha:0.0055751647
ro:0.005782506
sc:0.005805217
ni:0.005862303
ei:0.006027813
rd:0.006396024
ze:0.0065350994
hi:0.006594416
ke:0.0068335505
di:0.007225138
ik:0.007359457
be:0.007483275
li:0.007725191
ng:0.007811579
va:0.007843074
le:0.00785454
al:0.007862997
we:0.008069044
zi:0.008825945
at:0.0090063065
da:0.00908921
or:0.009156527
re:0.009200602
wa:0.009388098
oe:0.009517127
me:0.009584945
on:0.01029829
ve:0.0103942985
st:0.011284043
ar:0.011878127
nd:0.012179823
in:0.01305699
ch:0.013849971
el:0.013961628
oo:0.015563308
ie:0.016209768
et:0.017163051
he:0.017231315
aa:0.018214526
te:0.01873093
ge:0.019266749
ee:0.020686515
ij:0.021946616
an:0.02217913
er:0.029191906
de:0.03540366
en:0.06505879
